
🧠 Subject classification (top-k) using cvae embeddings
   Top-1 accuracy: 0.224
   Top-3 accuracy: 0.378
   Top-5 accuracy: 0.445
   Classification report (Top-1):
              precision    recall  f1-score   support

         001       0.00      0.00      0.00         3
         002       0.75      0.75      0.75         4
         003       0.33      0.75      0.46         4
         004       0.00      0.00      0.00         4
         005       0.50      0.67      0.57         3
         006       0.00      0.00      0.00         4
         007       0.12      0.25      0.17         4
         008       0.20      0.50      0.29         4
         009       0.00      0.00      0.00         4
         010       0.20      0.33      0.25         3
         011       0.12      0.67      0.21         3
         012       0.50      0.33      0.40         3
         013       0.50      0.67      0.57         3
         014       1.00      0.25      0.40         4
         015       0.00      0.00      0.00         4
         016       0.00      0.00      0.00         3
         017       0.00      0.00      0.00         4
         018       0.38      0.75      0.50         4
         019       0.00      0.00      0.00         3
         020       0.20      0.33      0.25         3
         021       0.00      0.00      0.00         4
         022       0.40      0.50      0.44         4
         023       0.29      0.67      0.40         3
         024       0.17      0.25      0.20         4
         025       0.43      1.00      0.60         3
         026       0.30      1.00      0.46         3
         027       0.00      0.00      0.00         3
         028       0.00      0.00      0.00         3
         029       0.50      0.33      0.40         3
         030       0.00      0.00      0.00         4
         031       0.00      0.00      0.00         3
         032       0.17      1.00      0.29         3
         033       0.29      0.50      0.36         4
         034       0.00      0.00      0.00         3
         035       0.67      0.50      0.57         4
         036       0.50      0.50      0.50         4
         037       0.33      0.33      0.33         3
         038       0.25      0.50      0.33         4
         039       0.00      0.00      0.00         4
         040       0.00      0.00      0.00         4
         041       0.00      0.00      0.00         3
         042       0.00      0.00      0.00         4
         043       0.00      0.00      0.00         3
         044       0.40      0.50      0.44         4
         045       1.00      0.33      0.50         3
         046       0.00      0.00      0.00         3
         047       0.17      0.25      0.20         4
         048       0.00      0.00      0.00         3
         049       0.00      0.00      0.00         4
         050       0.00      0.00      0.00         4
         051       0.33      0.25      0.29         4
         052       1.00      0.25      0.40         4
         053       0.00      0.00      0.00         4
         054       0.27      1.00      0.43         3
         055       0.00      0.00      0.00         4
         056       0.00      0.00      0.00         3
         057       0.06      0.33      0.11         3
         058       0.40      0.50      0.44         4
         059       0.00      0.00      0.00         4
         060       0.33      0.50      0.40         4
         061       0.00      0.00      0.00         4
         062       0.00      0.00      0.00         4
         063       0.00      0.00      0.00         3
         064       0.00      0.00      0.00         4
         065       0.33      0.33      0.33         3
         066       0.00      0.00      0.00         4
         067       0.33      0.33      0.33         3
         068       0.67      0.67      0.67         3
         069       0.00      0.00      0.00         4
         070       0.00      0.00      0.00         4
         071       0.20      0.50      0.29         4
         072       0.38      0.75      0.50         4
         073       0.20      0.25      0.22         4
         074       0.20      0.33      0.25         3
         075       0.00      0.00      0.00         4
         076       0.00      0.00      0.00         4
         077       0.00      0.00      0.00         3
         078       0.00      0.00      0.00         3
         079       0.20      0.33      0.25         3
         080       0.00      0.00      0.00         4
         081       0.00      0.00      0.00         4
         082       0.00      0.00      0.00         3
         083       0.00      0.00      0.00         4
         084       0.00      0.00      0.00         4
         085       0.00      0.00      0.00         4
         086       0.00      0.00      0.00         3
         087       0.00      0.00      0.00         4
         088       0.00      0.00      0.00         4
         089       0.00      0.00      0.00         4
         090       0.00      0.00      0.00         3
         091       0.00      0.00      0.00         3
         092       0.33      0.50      0.40         4
         093       0.00      0.00      0.00         4
         094       0.33      0.33      0.33         3
         095       0.00      0.00      0.00         4
         096       1.00      1.00      1.00         3
         097       0.17      0.25      0.20         4
         098       0.00      0.00      0.00         4
         099       0.50      0.25      0.33         4
         100       0.50      0.25      0.33         4
         101       0.14      0.33      0.20         3
         102       0.25      0.33      0.29         3
         103       0.33      0.25      0.29         4
         104       0.00      0.00      0.00         4
         105       0.00      0.00      0.00         4
         106       0.33      0.50      0.40         4
         107       0.33      0.25      0.29         4
         108       0.25      0.67      0.36         3
         109       0.50      0.50      0.50         4
         110       0.50      0.25      0.33         4
         111       0.00      0.00      0.00         4
         112       0.00      0.00      0.00         3
         113       0.00      0.00      0.00         4
         114       0.25      0.33      0.29         3
         115       0.00      0.00      0.00         4
         116       0.40      0.50      0.44         4
         117       0.29      0.50      0.36         4
         118       0.00      0.00      0.00         4
         119       0.00      0.00      0.00         3
         120       0.33      0.25      0.29         4
         121       0.14      0.25      0.18         4
         122       0.00      0.00      0.00         3
         123       0.00      0.00      0.00         3
         124       0.17      0.25      0.20         4

    accuracy                           0.22       447
   macro avg       0.18      0.23      0.18       447
weighted avg       0.18      0.22      0.18       447

   Confusion matrix (rows=true, cols=pred):
[[0 0 0 ... 0 0 0]
 [0 3 0 ... 0 0 0]
 [0 0 3 ... 0 0 0]
 ...
 [0 0 0 ... 0 0 0]
 [0 0 0 ... 0 0 0]
 [0 0 0 ... 0 0 1]]
   Random baseline Top-1: 0.009
   Random baseline Top-3: 0.025
   Random baseline Top-5: 0.040
   Random baseline report:
              precision    recall  f1-score   support

         001       0.00      0.00      0.00         3
         002       0.00      0.00      0.00         4
         003       0.00      0.00      0.00         4
         004       0.00      0.00      0.00         4
         005       0.00      0.00      0.00         3
         006       0.00      0.00      0.00         4
         007       0.00      0.00      0.00         4
         008       0.00      0.00      0.00         4
         009       0.00      0.00      0.00         4
         010       0.00      0.00      0.00         3
         011       0.00      0.00      0.00         3
         012       0.00      0.00      0.00         3
         013       0.00      0.00      0.00         3
         014       0.00      0.00      0.00         4
         015       0.00      0.00      0.00         4
         016       0.00      0.00      0.00         3
         017       0.00      0.00      0.00         4
         018       0.00      0.00      0.00         4
         019       0.00      0.00      0.00         3
         020       0.00      0.00      0.00         3
         021       0.00      0.00      0.00         4
         022       0.00      0.00      0.00         4
         023       0.00      0.00      0.00         3
         024       0.00      0.00      0.00         4
         025       0.00      0.00      0.00         3
         026       0.00      0.00      0.00         3
         027       0.00      0.00      0.00         3
         028       0.00      0.00      0.00         3
         029       0.00      0.00      0.00         3
         030       0.00      0.00      0.00         4
         031       0.00      0.00      0.00         3
         032       0.00      0.00      0.00         3
         033       0.00      0.00      0.00         4
         034       0.00      0.00      0.00         3
         035       0.00      0.00      0.00         4
         036       0.00      0.00      0.00         4
         037       0.00      0.00      0.00         3
         038       0.00      0.00      0.00         4
         039       0.00      0.00      0.00         4
         040       0.00      0.00      0.00         4
         041       0.00      0.00      0.00         3
         042       0.00      0.00      0.00         4
         043       0.00      0.00      0.00         3
         044       0.00      0.00      0.00         4
         045       0.00      0.00      0.00         3
         046       0.00      0.00      0.00         3
         047       0.00      0.00      0.00         4
         048       0.00      0.00      0.00         3
         049       0.00      0.00      0.00         4
         050       0.00      0.00      0.00         4
         051       0.00      0.00      0.00         4
         052       0.00      0.00      0.00         4
         053       0.00      0.00      0.00         4
         054       0.00      0.00      0.00         3
         055       0.00      0.00      0.00         4
         056       0.00      0.00      0.00         3
         057       0.00      0.00      0.00         3
         058       0.00      0.00      0.00         4
         059       0.00      0.00      0.00         4
         060       0.00      0.00      0.00         4
         061       0.00      0.00      0.00         4
         062       0.00      0.00      0.00         4
         063       0.00      0.00      0.00         3
         064       0.00      0.00      0.00         4
         065       0.00      0.00      0.00         3
         066       0.00      0.00      0.00         4
         067       0.00      0.00      0.00         3
         068       0.00      0.00      0.00         3
         069       0.00      0.00      0.00         4
         070       0.00      0.00      0.00         4
         071       0.00      0.00      0.00         4
         072       0.00      0.00      0.00         4
         073       0.00      0.00      0.00         4
         074       0.00      0.00      0.00         3
         075       0.00      0.00      0.00         4
         076       0.00      0.00      0.00         4
         077       0.00      0.00      0.00         3
         078       0.00      0.00      0.00         3
         079       0.00      0.00      0.00         3
         080       0.00      0.00      0.00         4
         081       0.00      0.00      0.00         4
         082       0.00      0.00      0.00         3
         083       0.00      0.00      0.00         4
         084       0.00      0.00      0.00         4
         085       0.00      0.00      0.00         4
         086       0.00      0.00      0.00         3
         087       0.00      0.00      0.00         4
         088       0.00      0.00      0.00         4
         089       0.00      0.00      0.00         4
         090       0.00      0.00      0.00         3
         091       0.00      0.00      0.00         3
         092       0.20      0.25      0.22         4
         093       0.00      0.00      0.00         4
         094       0.00      0.00      0.00         3
         095       0.00      0.00      0.00         4
         096       0.00      0.00      0.00         3
         097       0.00      0.00      0.00         4
         098       0.00      0.00      0.00         4
         099       0.00      0.00      0.00         4
         100       0.00      0.00      0.00         4
         101       0.00      0.00      0.00         3
         102       0.00      0.00      0.00         3
         103       0.00      0.00      0.00         4
         104       0.00      0.00      0.00         4
         105       0.00      0.00      0.00         4
         106       0.00      0.00      0.00         4
         107       0.00      0.00      0.00         4
         108       0.00      0.00      0.00         3
         109       0.00      0.00      0.00         4
         110       0.00      0.00      0.00         4
         111       0.00      0.00      0.00         4
         112       0.00      0.00      0.00         3
         113       0.00      0.00      0.00         4
         114       0.00      0.00      0.00         3
         115       0.00      0.00      0.00         4
         116       0.00      0.00      0.00         4
         117       0.00      0.00      0.00         4
         118       0.00      0.00      0.00         4
         119       0.00      0.00      0.00         3
         120       0.00      0.00      0.00         4
         121       0.00      0.00      0.00         4
         122       0.00      0.00      0.00         3
         123       0.00      0.00      0.00         3
         124       0.00      0.00      0.00         4

    accuracy                           0.00       447
   macro avg       0.00      0.00      0.00       447
weighted avg       0.00      0.00      0.00       447


🧠 Subject classification (top-k) using dcvae embeddings
   Top-1 accuracy: 0.221
   Top-3 accuracy: 0.358
   Top-5 accuracy: 0.430
   Classification report (Top-1):
              precision    recall  f1-score   support

         001       0.20      0.33      0.25         3
         002       0.29      0.50      0.36         4
         003       0.29      0.50      0.36         4
         004       0.00      0.00      0.00         4
         005       1.00      0.67      0.80         3
         006       0.00      0.00      0.00         4
         007       0.00      0.00      0.00         4
         008       0.00      0.00      0.00         4
         009       0.00      0.00      0.00         4
         010       0.50      0.33      0.40         3
         011       0.12      0.67      0.21         3
         012       1.00      0.33      0.50         3
         013       0.11      0.33      0.17         3
         014       1.00      0.25      0.40         4
         015       0.25      0.25      0.25         4
         016       0.00      0.00      0.00         3
         017       0.00      0.00      0.00         4
         018       0.17      0.50      0.25         4
         019       0.00      0.00      0.00         3
         020       0.00      0.00      0.00         3
         021       0.00      0.00      0.00         4
         022       0.00      0.00      0.00         4
         023       0.12      0.33      0.18         3
         024       0.33      0.50      0.40         4
         025       0.40      0.67      0.50         3
         026       0.33      0.33      0.33         3
         027       0.29      0.67      0.40         3
         028       0.67      0.67      0.67         3
         029       0.67      0.67      0.67         3
         030       0.00      0.00      0.00         4
         031       0.25      0.33      0.29         3
         032       0.38      1.00      0.55         3
         033       0.50      0.50      0.50         4
         034       0.13      0.67      0.22         3
         035       0.00      0.00      0.00         4
         036       1.00      0.50      0.67         4
         037       0.00      0.00      0.00         3
         038       0.40      0.50      0.44         4
         039       0.00      0.00      0.00         4
         040       0.00      0.00      0.00         4
         041       0.00      0.00      0.00         3
         042       0.00      0.00      0.00         4
         043       0.00      0.00      0.00         3
         044       0.00      0.00      0.00         4
         045       0.00      0.00      0.00         3
         046       0.08      0.33      0.13         3
         047       0.25      0.25      0.25         4
         048       0.00      0.00      0.00         3
         049       0.00      0.00      0.00         4
         050       0.00      0.00      0.00         4
         051       0.60      0.75      0.67         4
         052       1.00      0.50      0.67         4
         053       0.00      0.00      0.00         4
         054       0.50      1.00      0.67         3
         055       0.00      0.00      0.00         4
         056       0.00      0.00      0.00         3
         057       0.20      0.33      0.25         3
         058       0.00      0.00      0.00         4
         059       0.00      0.00      0.00         4
         060       0.67      0.50      0.57         4
         061       0.00      0.00      0.00         4
         062       0.00      0.00      0.00         4
         063       0.00      0.00      0.00         3
         064       0.14      0.25      0.18         4
         065       0.22      0.67      0.33         3
         066       0.00      0.00      0.00         4
         067       0.00      0.00      0.00         3
         068       0.50      0.67      0.57         3
         069       0.00      0.00      0.00         4
         070       0.00      0.00      0.00         4
         071       0.18      0.50      0.27         4
         072       0.40      0.50      0.44         4
         073       0.00      0.00      0.00         4
         074       0.11      0.67      0.18         3
         075       0.00      0.00      0.00         4
         076       0.00      0.00      0.00         4
         077       0.00      0.00      0.00         3
         078       0.00      0.00      0.00         3
         079       0.00      0.00      0.00         3
         080       0.00      0.00      0.00         4
         081       0.00      0.00      0.00         4
         082       0.14      0.33      0.20         3
         083       0.50      0.25      0.33         4
         084       1.00      0.25      0.40         4
         085       0.00      0.00      0.00         4
         086       0.25      0.33      0.29         3
         087       0.33      0.25      0.29         4
         088       0.00      0.00      0.00         4
         089       0.00      0.00      0.00         4
         090       0.00      0.00      0.00         3
         091       0.00      0.00      0.00         3
         092       0.25      0.50      0.33         4
         093       0.00      0.00      0.00         4
         094       0.09      0.33      0.14         3
         095       0.00      0.00      0.00         4
         096       0.60      1.00      0.75         3
         097       0.00      0.00      0.00         4
         098       0.20      0.25      0.22         4
         099       0.40      0.50      0.44         4
         100       0.40      0.50      0.44         4
         101       0.00      0.00      0.00         3
         102       0.00      0.00      0.00         3
         103       0.00      0.00      0.00         4
         104       0.00      0.00      0.00         4
         105       0.00      0.00      0.00         4
         106       0.25      0.75      0.38         4
         107       0.20      0.25      0.22         4
         108       0.67      0.67      0.67         3
         109       0.40      0.50      0.44         4
         110       0.38      0.75      0.50         4
         111       0.00      0.00      0.00         4
         112       0.00      0.00      0.00         3
         113       0.00      0.00      0.00         4
         114       0.40      0.67      0.50         3
         115       0.00      0.00      0.00         4
         116       1.00      0.50      0.67         4
         117       0.00      0.00      0.00         4
         118       0.00      0.00      0.00         4
         119       0.00      0.00      0.00         3
         120       0.67      0.50      0.57         4
         121       0.00      0.00      0.00         4
         122       0.00      0.00      0.00         3
         123       0.00      0.00      0.00         3
         124       0.40      0.50      0.44         4

    accuracy                           0.22       447
   macro avg       0.19      0.23      0.19       447
weighted avg       0.19      0.22      0.18       447

   Confusion matrix (rows=true, cols=pred):
[[1 0 0 ... 0 0 0]
 [0 2 0 ... 0 0 0]
 [0 0 2 ... 0 0 0]
 ...
 [0 0 0 ... 0 0 0]
 [0 0 0 ... 0 0 0]
 [0 0 0 ... 0 0 2]]
   Random baseline Top-1: 0.009
   Random baseline Top-3: 0.025
   Random baseline Top-5: 0.040
   Random baseline report:
              precision    recall  f1-score   support

         001       0.00      0.00      0.00         3
         002       0.00      0.00      0.00         4
         003       0.00      0.00      0.00         4
         004       0.00      0.00      0.00         4
         005       0.00      0.00      0.00         3
         006       0.00      0.00      0.00         4
         007       0.00      0.00      0.00         4
         008       0.00      0.00      0.00         4
         009       0.00      0.00      0.00         4
         010       0.00      0.00      0.00         3
         011       0.00      0.00      0.00         3
         012       0.00      0.00      0.00         3
         013       0.00      0.00      0.00         3
         014       0.00      0.00      0.00         4
         015       0.00      0.00      0.00         4
         016       0.00      0.00      0.00         3
         017       0.00      0.00      0.00         4
         018       0.00      0.00      0.00         4
         019       0.00      0.00      0.00         3
         020       0.00      0.00      0.00         3
         021       0.00      0.00      0.00         4
         022       0.00      0.00      0.00         4
         023       0.00      0.00      0.00         3
         024       0.00      0.00      0.00         4
         025       0.00      0.00      0.00         3
         026       0.00      0.00      0.00         3
         027       0.00      0.00      0.00         3
         028       0.00      0.00      0.00         3
         029       0.00      0.00      0.00         3
         030       0.00      0.00      0.00         4
         031       0.00      0.00      0.00         3
         032       0.00      0.00      0.00         3
         033       0.00      0.00      0.00         4
         034       0.00      0.00      0.00         3
         035       0.00      0.00      0.00         4
         036       0.00      0.00      0.00         4
         037       0.00      0.00      0.00         3
         038       0.00      0.00      0.00         4
         039       0.00      0.00      0.00         4
         040       0.00      0.00      0.00         4
         041       0.00      0.00      0.00         3
         042       0.00      0.00      0.00         4
         043       0.00      0.00      0.00         3
         044       0.00      0.00      0.00         4
         045       0.00      0.00      0.00         3
         046       0.00      0.00      0.00         3
         047       0.00      0.00      0.00         4
         048       0.00      0.00      0.00         3
         049       0.00      0.00      0.00         4
         050       0.00      0.00      0.00         4
         051       0.00      0.00      0.00         4
         052       0.00      0.00      0.00         4
         053       0.00      0.00      0.00         4
         054       0.00      0.00      0.00         3
         055       0.00      0.00      0.00         4
         056       0.00      0.00      0.00         3
         057       0.00      0.00      0.00         3
         058       0.00      0.00      0.00         4
         059       0.00      0.00      0.00         4
         060       0.00      0.00      0.00         4
         061       0.00      0.00      0.00         4
         062       0.00      0.00      0.00         4
         063       0.00      0.00      0.00         3
         064       0.00      0.00      0.00         4
         065       0.00      0.00      0.00         3
         066       0.00      0.00      0.00         4
         067       0.00      0.00      0.00         3
         068       0.00      0.00      0.00         3
         069       0.00      0.00      0.00         4
         070       0.00      0.00      0.00         4
         071       0.00      0.00      0.00         4
         072       0.00      0.00      0.00         4
         073       0.00      0.00      0.00         4
         074       0.00      0.00      0.00         3
         075       0.00      0.00      0.00         4
         076       0.00      0.00      0.00         4
         077       0.00      0.00      0.00         3
         078       0.00      0.00      0.00         3
         079       0.00      0.00      0.00         3
         080       0.00      0.00      0.00         4
         081       0.00      0.00      0.00         4
         082       0.00      0.00      0.00         3
         083       0.00      0.00      0.00         4
         084       0.00      0.00      0.00         4
         085       0.00      0.00      0.00         4
         086       0.00      0.00      0.00         3
         087       0.00      0.00      0.00         4
         088       0.00      0.00      0.00         4
         089       0.00      0.00      0.00         4
         090       0.00      0.00      0.00         3
         091       0.00      0.00      0.00         3
         092       0.20      0.25      0.22         4
         093       0.00      0.00      0.00         4
         094       0.00      0.00      0.00         3
         095       0.00      0.00      0.00         4
         096       0.00      0.00      0.00         3
         097       0.00      0.00      0.00         4
         098       0.00      0.00      0.00         4
         099       0.00      0.00      0.00         4
         100       0.00      0.00      0.00         4
         101       0.00      0.00      0.00         3
         102       0.00      0.00      0.00         3
         103       0.00      0.00      0.00         4
         104       0.00      0.00      0.00         4
         105       0.00      0.00      0.00         4
         106       0.00      0.00      0.00         4
         107       0.00      0.00      0.00         4
         108       0.00      0.00      0.00         3
         109       0.00      0.00      0.00         4
         110       0.00      0.00      0.00         4
         111       0.00      0.00      0.00         4
         112       0.00      0.00      0.00         3
         113       0.00      0.00      0.00         4
         114       0.00      0.00      0.00         3
         115       0.00      0.00      0.00         4
         116       0.00      0.00      0.00         4
         117       0.00      0.00      0.00         4
         118       0.00      0.00      0.00         4
         119       0.00      0.00      0.00         3
         120       0.00      0.00      0.00         4
         121       0.00      0.00      0.00         4
         122       0.00      0.00      0.00         3
         123       0.00      0.00      0.00         3
         124       0.00      0.00      0.00         4

    accuracy                           0.00       447
   macro avg       0.00      0.00      0.00       447
weighted avg       0.00      0.00      0.00       447


🧠 Subject classification (top-k) using dvae embeddings
   Top-1 accuracy: 0.192
   Top-3 accuracy: 0.309
   Top-5 accuracy: 0.391
   Classification report (Top-1):
              precision    recall  f1-score   support

         001       0.33      0.33      0.33         3
         002       0.75      0.75      0.75         4
         003       0.12      0.25      0.17         4
         004       0.00      0.00      0.00         4
         005       0.29      0.67      0.40         3
         006       0.00      0.00      0.00         4
         007       0.00      0.00      0.00         4
         008       0.09      0.25      0.13         4
         009       0.00      0.00      0.00         4
         010       0.00      0.00      0.00         3
         011       0.00      0.00      0.00         3
         012       0.33      0.33      0.33         3
         013       0.17      0.33      0.22         3
         014       0.33      0.25      0.29         4
         015       0.29      0.50      0.36         4
         016       0.50      0.33      0.40         3
         017       0.00      0.00      0.00         4
         018       0.33      0.75      0.46         4
         019       0.00      0.00      0.00         3
         020       0.00      0.00      0.00         3
         021       0.00      0.00      0.00         4
         022       0.00      0.00      0.00         4
         023       0.09      0.33      0.14         3
         024       0.11      0.25      0.15         4
         025       0.15      1.00      0.26         3
         026       0.50      0.33      0.40         3
         027       1.00      0.67      0.80         3
         028       0.00      0.00      0.00         3
         029       0.14      0.33      0.20         3
         030       0.00      0.00      0.00         4
         031       0.50      0.33      0.40         3
         032       0.25      0.67      0.36         3
         033       0.25      0.50      0.33         4
         034       0.11      0.33      0.17         3
         035       1.00      0.25      0.40         4
         036       1.00      0.75      0.86         4
         037       0.33      0.33      0.33         3
         038       0.12      0.25      0.17         4
         039       0.50      0.25      0.33         4
         040       0.00      0.00      0.00         4
         041       0.00      0.00      0.00         3
         042       0.33      0.25      0.29         4
         043       0.00      0.00      0.00         3
         044       0.00      0.00      0.00         4
         045       0.00      0.00      0.00         3
         046       0.11      0.33      0.17         3
         047       1.00      0.25      0.40         4
         048       0.00      0.00      0.00         3
         049       1.00      0.25      0.40         4
         050       0.00      0.00      0.00         4
         051       0.50      0.25      0.33         4
         052       0.17      0.25      0.20         4
         053       0.00      0.00      0.00         4
         054       0.25      0.33      0.29         3
         055       0.00      0.00      0.00         4
         056       0.00      0.00      0.00         3
         057       0.00      0.00      0.00         3
         058       0.20      0.25      0.22         4
         059       0.00      0.00      0.00         4
         060       0.57      1.00      0.73         4
         061       0.00      0.00      0.00         4
         062       0.50      0.25      0.33         4
         063       0.11      0.33      0.17         3
         064       0.00      0.00      0.00         4
         065       0.25      0.67      0.36         3
         066       0.00      0.00      0.00         4
         067       0.33      0.33      0.33         3
         068       0.29      0.67      0.40         3
         069       1.00      0.25      0.40         4
         070       0.00      0.00      0.00         4
         071       0.14      0.50      0.22         4
         072       0.17      0.25      0.20         4
         073       0.00      0.00      0.00         4
         074       0.00      0.00      0.00         3
         075       0.00      0.00      0.00         4
         076       0.00      0.00      0.00         4
         077       0.00      0.00      0.00         3
         078       0.00      0.00      0.00         3
         079       0.00      0.00      0.00         3
         080       0.00      0.00      0.00         4
         081       0.00      0.00      0.00         4
         082       0.08      0.33      0.13         3
         083       1.00      0.25      0.40         4
         084       0.00      0.00      0.00         4
         085       0.00      0.00      0.00         4
         086       0.00      0.00      0.00         3
         087       0.00      0.00      0.00         4
         088       0.00      0.00      0.00         4
         089       0.00      0.00      0.00         4
         090       0.00      0.00      0.00         3
         091       0.00      0.00      0.00         3
         092       0.67      0.50      0.57         4
         093       0.00      0.00      0.00         4
         094       0.00      0.00      0.00         3
         095       0.00      0.00      0.00         4
         096       0.50      1.00      0.67         3
         097       0.00      0.00      0.00         4
         098       0.00      0.00      0.00         4
         099       0.00      0.00      0.00         4
         100       0.25      0.50      0.33         4
         101       0.00      0.00      0.00         3
         102       0.00      0.00      0.00         3
         103       0.14      0.25      0.18         4
         104       0.00      0.00      0.00         4
         105       0.00      0.00      0.00         4
         106       0.12      0.50      0.19         4
         107       0.00      0.00      0.00         4
         108       0.20      0.33      0.25         3
         109       0.00      0.00      0.00         4
         110       0.50      0.75      0.60         4
         111       0.00      0.00      0.00         4
         112       0.00      0.00      0.00         3
         113       1.00      0.25      0.40         4
         114       0.50      0.67      0.57         3
         115       0.00      0.00      0.00         4
         116       0.33      0.50      0.40         4
         117       0.00      0.00      0.00         4
         118       0.00      0.00      0.00         4
         119       0.00      0.00      0.00         3
         120       0.50      0.50      0.50         4
         121       0.00      0.00      0.00         4
         122       0.00      0.00      0.00         3
         123       0.00      0.00      0.00         3
         124       1.00      0.25      0.40         4

    accuracy                           0.19       447
   macro avg       0.19      0.20      0.16       447
weighted avg       0.19      0.19      0.16       447

   Confusion matrix (rows=true, cols=pred):
[[1 0 0 ... 0 0 0]
 [0 3 0 ... 0 0 0]
 [0 0 1 ... 0 0 0]
 ...
 [0 0 0 ... 0 0 0]
 [0 0 0 ... 0 0 0]
 [0 0 0 ... 0 0 1]]
   Random baseline Top-1: 0.009
   Random baseline Top-3: 0.025
   Random baseline Top-5: 0.040
   Random baseline report:
              precision    recall  f1-score   support

         001       0.00      0.00      0.00         3
         002       0.00      0.00      0.00         4
         003       0.00      0.00      0.00         4
         004       0.00      0.00      0.00         4
         005       0.00      0.00      0.00         3
         006       0.00      0.00      0.00         4
         007       0.00      0.00      0.00         4
         008       0.00      0.00      0.00         4
         009       0.00      0.00      0.00         4
         010       0.00      0.00      0.00         3
         011       0.00      0.00      0.00         3
         012       0.00      0.00      0.00         3
         013       0.00      0.00      0.00         3
         014       0.00      0.00      0.00         4
         015       0.00      0.00      0.00         4
         016       0.00      0.00      0.00         3
         017       0.00      0.00      0.00         4
         018       0.00      0.00      0.00         4
         019       0.00      0.00      0.00         3
         020       0.00      0.00      0.00         3
         021       0.00      0.00      0.00         4
         022       0.00      0.00      0.00         4
         023       0.00      0.00      0.00         3
         024       0.00      0.00      0.00         4
         025       0.00      0.00      0.00         3
         026       0.00      0.00      0.00         3
         027       0.00      0.00      0.00         3
         028       0.00      0.00      0.00         3
         029       0.00      0.00      0.00         3
         030       0.00      0.00      0.00         4
         031       0.00      0.00      0.00         3
         032       0.00      0.00      0.00         3
         033       0.00      0.00      0.00         4
         034       0.00      0.00      0.00         3
         035       0.00      0.00      0.00         4
         036       0.00      0.00      0.00         4
         037       0.00      0.00      0.00         3
         038       0.00      0.00      0.00         4
         039       0.00      0.00      0.00         4
         040       0.00      0.00      0.00         4
         041       0.00      0.00      0.00         3
         042       0.00      0.00      0.00         4
         043       0.00      0.00      0.00         3
         044       0.00      0.00      0.00         4
         045       0.00      0.00      0.00         3
         046       0.00      0.00      0.00         3
         047       0.00      0.00      0.00         4
         048       0.00      0.00      0.00         3
         049       0.00      0.00      0.00         4
         050       0.00      0.00      0.00         4
         051       0.00      0.00      0.00         4
         052       0.00      0.00      0.00         4
         053       0.00      0.00      0.00         4
         054       0.00      0.00      0.00         3
         055       0.00      0.00      0.00         4
         056       0.00      0.00      0.00         3
         057       0.00      0.00      0.00         3
         058       0.00      0.00      0.00         4
         059       0.00      0.00      0.00         4
         060       0.00      0.00      0.00         4
         061       0.00      0.00      0.00         4
         062       0.00      0.00      0.00         4
         063       0.00      0.00      0.00         3
         064       0.00      0.00      0.00         4
         065       0.00      0.00      0.00         3
         066       0.00      0.00      0.00         4
         067       0.00      0.00      0.00         3
         068       0.00      0.00      0.00         3
         069       0.00      0.00      0.00         4
         070       0.00      0.00      0.00         4
         071       0.00      0.00      0.00         4
         072       0.00      0.00      0.00         4
         073       0.00      0.00      0.00         4
         074       0.00      0.00      0.00         3
         075       0.00      0.00      0.00         4
         076       0.00      0.00      0.00         4
         077       0.00      0.00      0.00         3
         078       0.00      0.00      0.00         3
         079       0.00      0.00      0.00         3
         080       0.00      0.00      0.00         4
         081       0.00      0.00      0.00         4
         082       0.00      0.00      0.00         3
         083       0.00      0.00      0.00         4
         084       0.00      0.00      0.00         4
         085       0.00      0.00      0.00         4
         086       0.00      0.00      0.00         3
         087       0.00      0.00      0.00         4
         088       0.00      0.00      0.00         4
         089       0.00      0.00      0.00         4
         090       0.00      0.00      0.00         3
         091       0.00      0.00      0.00         3
         092       0.20      0.25      0.22         4
         093       0.00      0.00      0.00         4
         094       0.00      0.00      0.00         3
         095       0.00      0.00      0.00         4
         096       0.00      0.00      0.00         3
         097       0.00      0.00      0.00         4
         098       0.00      0.00      0.00         4
         099       0.00      0.00      0.00         4
         100       0.00      0.00      0.00         4
         101       0.00      0.00      0.00         3
         102       0.00      0.00      0.00         3
         103       0.00      0.00      0.00         4
         104       0.00      0.00      0.00         4
         105       0.00      0.00      0.00         4
         106       0.00      0.00      0.00         4
         107       0.00      0.00      0.00         4
         108       0.00      0.00      0.00         3
         109       0.00      0.00      0.00         4
         110       0.00      0.00      0.00         4
         111       0.00      0.00      0.00         4
         112       0.00      0.00      0.00         3
         113       0.00      0.00      0.00         4
         114       0.00      0.00      0.00         3
         115       0.00      0.00      0.00         4
         116       0.00      0.00      0.00         4
         117       0.00      0.00      0.00         4
         118       0.00      0.00      0.00         4
         119       0.00      0.00      0.00         3
         120       0.00      0.00      0.00         4
         121       0.00      0.00      0.00         4
         122       0.00      0.00      0.00         3
         123       0.00      0.00      0.00         3
         124       0.00      0.00      0.00         4

    accuracy                           0.00       447
   macro avg       0.00      0.00      0.00       447
weighted avg       0.00      0.00      0.00       447
